0 0.0202345
0.0267559 0.0364757
0.0535117 0.0543572
0.0802676 0.0737645
0.107023 0.0945836
0.133779 0.1167
0.160535 0.14
0.187291 0.164369
0.214047 0.189693
0.240803 0.215858
0.267559 0.242749
0.294314 0.270252
0.32107 0.298254
0.347826 0.326639
0.374582 0.355294
0.401338 0.384104
0.428094 0.412956
0.454849 0.441734
0.481605 0.470326
0.508361 0.498616
0.535117 0.52649
0.561873 0.553835
0.588629 0.580535
0.615385 0.606477
0.64214 0.631547
0.668896 0.65563
0.695652 0.678641
0.722408 0.700587
0.749164 0.721489
0.77592 0.741372
0.802676 0.760259
0.829431 0.778174
0.856187 0.795138
0.882943 0.811177
0.909699 0.826314
0.936455 0.840571
0.963211 0.853972
0.989967 0.86654
1.01672 0.878299
1.04348 0.889272
1.07023 0.899483
1.09699 0.908954
1.12375 0.917709
1.1505 0.925772
1.17726 0.933166
1.20401 0.939913
1.23077 0.946039
1.25753 0.951565
1.28428 0.956515
1.31104 0.960912
1.33779 0.964781
1.36455 0.968136
1.3913 0.970976
1.41806 0.973296
1.44482 0.975092
1.47157 0.976359
1.49833 0.977092
1.52508 0.977286
1.55184 0.976937
1.5786 0.976041
1.60535 0.974591
1.63211 0.972585
1.65886 0.970017
1.68562 0.966882
1.71237 0.963177
1.73913 0.958895
1.76589 0.954033
1.79264 0.948586
1.8194 0.942548
1.84615 0.935917
1.87291 0.928686
1.89967 0.920851
1.92642 0.912408
1.95318 0.903352
1.97993 0.893678
2.00669 0.883381
2.03344 0.872462
2.0602 0.860929
2.08696 0.848792
2.11371 0.83606
2.14047 0.822744
2.16722 0.808853
2.19398 0.794396
2.22074 0.779384
2.24749 0.763827
2.27425 0.747733
2.301 0.731113
2.32776 0.713976
2.35452 0.696333
2.38127 0.678192
2.40803 0.659564
2.43478 0.640458
2.46154 0.620884
2.48829 0.600852
2.51505 0.580372
2.54181 0.559453
2.56856 0.538104
2.59532 0.516337
2.62207 0.494159
2.64883 0.471582
2.67559 0.448615
2.70234 0.425271
2.7291 0.401566
2.75585 0.377521
2.78261 0.353151
2.80936 0.328476
2.83612 0.303514
2.86288 0.278282
2.88963 0.252798
2.91639 0.227081
2.94314 0.201149
2.9699 0.175019
2.99666 0.148709
3.02341 0.122238
3.05017 0.0956239
3.07692 0.0688842
3.10368 0.0420371
3.13043 0.0151007
3.15719 -0.0119071
3.18395 -0.0389682
3.2107 -0.0660645
3.23746 -0.0931782
3.26421 -0.120291
3.29097 -0.147385
3.31773 -0.174443
3.34448 -0.201445
3.37124 -0.22837
3.39799 -0.25519
3.42475 -0.281878
3.45151 -0.308404
3.47826 -0.334742
3.50502 -0.360863
3.53177 -0.386739
3.55853 -0.412343
3.58528 -0.437646
3.61204 -0.462621
3.6388 -0.487239
3.66555 -0.511472
3.69231 -0.535294
3.71906 -0.558675
3.74582 -0.581587
3.77258 -0.604003
3.79933 -0.625896
3.82609 -0.647235
3.85284 -0.667995
3.8796 -0.688147
3.90635 -0.707663
3.93311 -0.726514
3.95987 -0.744674
3.98662 -0.762114
4.01338 -0.778807
4.04013 -0.794745
4.06689 -0.809939
4.09365 -0.824402
4.1204 -0.838145
4.14716 -0.851181
4.17391 -0.863521
4.20067 -0.875179
4.22742 -0.886165
4.25418 -0.896492
4.28094 -0.906172
4.30769 -0.915217
4.33445 -0.92364
4.3612 -0.931452
4.38796 -0.938665
4.41472 -0.945292
4.44147 -0.951345
4.46823 -0.956835
4.49498 -0.961775
4.52174 -0.966177
4.54849 -0.970053
4.57525 -0.973415
4.60201 -0.976275
4.62876 -0.978646
4.65552 -0.980538
4.68227 -0.981965
4.70903 -0.982919
4.73579 -0.983384
4.76254 -0.983341
4.7893 -0.98277
4.81605 -0.981654
4.84281 -0.979975
4.86957 -0.977712
4.89632 -0.974849
4.92308 -0.971367
4.94983 -0.967246
4.97659 -0.962469
5.00334 -0.957017
5.0301 -0.950871
5.05686 -0.944013
5.08361 -0.936425
5.11037 -0.928087
5.13712 -0.918982
5.16388 -0.909091
5.19064 -0.898395
5.21739 -0.886876
5.24415 -0.874515
5.2709 -0.861294
5.29766 -0.847194
5.32441 -0.832197
5.35117 -0.816288
5.37793 -0.799501
5.40468 -0.781901
5.43144 -0.763552
5.45819 -0.744521
5.48495 -0.724871
5.51171 -0.704668
5.53846 -0.683978
5.56522 -0.662866
5.59197 -0.641395
5.61873 -0.619633
5.64548 -0.597643
5.67224 -0.575492
5.699 -0.553243
5.72575 -0.530963
5.75251 -0.508717
5.77926 -0.486569
5.80602 -0.464584
5.83278 -0.442829
5.85953 -0.421367
5.88629 -0.400265
5.91304 -0.379587
5.9398 -0.359398
5.96656 -0.339764
5.99331 -0.320749
6.02007 -0.302414
6.04682 -0.284771
6.07358 -0.267807
6.10033 -0.25151
6.12709 -0.235868
6.15385 -0.220868
6.1806 -0.206498
6.20736 -0.192745
6.23411 -0.179598
6.26087 -0.167043
6.28763 -0.155068
6.31438 -0.143661
6.34114 -0.13281
6.36789 -0.122502
6.39465 -0.112725
6.4214 -0.103465
6.44816 -0.0947122
6.47492 -0.0864525
6.50167 -0.0786739
6.52843 -0.0713641
6.55518 -0.0645106
6.58194 -0.058101
6.6087 -0.052123
6.63545 -0.0465641
6.66221 -0.041412
6.68896 -0.0366542
6.71572 -0.0322784
6.74247 -0.0282722
6.76923 -0.0246231
6.79599 -0.0213188
6.82274 -0.0183469
6.8495 -0.015695
6.87625 -0.0133507
6.90301 -0.0113016
6.92977 -0.00953533
6.95652 -0.00803944
6.98328 -0.00680156
7.01003 -0.00580931
7.03679 -0.00505028
7.06355 -0.00451209
7.0903 -0.00418233
7.11706 -0.00404861
7.14381 -0.00409854
7.17057 -0.00431972
7.19732 -0.00469976
7.22408 -0.00522625
7.25084 -0.00588682
7.27759 -0.00666906
7.30435 -0.00756057
7.3311 -0.00854897
7.35786 -0.00962185
7.38462 -0.0107668
7.41137 -0.0119715
7.43813 -0.0132235
7.46488 -0.0145104
7.49164 -0.0158198
7.51839 -0.0171393
7.54515 -0.0184565
7.57191 -0.0197591
7.59866 -0.0210346
7.62542 -0.0222706
7.65217 -0.0234548
7.67893 -0.0245747
7.70569 -0.025618
7.73244 -0.0265723
7.7592 -0.0274251
7.78595 -0.0281641
7.81271 -0.0287768
7.83946 -0.029251
7.86622 -0.0295741
7.89298 -0.0297338
7.91973 -0.0297177
7.94649 -0.0295134
7.97324 -0.0291085
8 -0.0284906
