0 0.24443
0.0535117 0.271977
0.107023 0.301165
0.160535 0.331886
0.214047 0.364036
0.267559 0.397508
0.32107 0.432197
0.374582 0.467997
0.428094 0.504802
0.481605 0.542506
0.535117 0.581002
0.588629 0.620187
0.64214 0.659952
0.695652 0.700194
0.749164 0.740805
0.802676 0.78168
0.856187 0.822713
0.909699 0.863798
0.963211 0.904829
1.01672 0.945701
1.07023 0.986307
1.12375 1.02654
1.17726 1.0663
1.23077 1.10548
1.28428 1.14396
1.33779 1.18165
1.3913 1.21844
1.44482 1.25423
1.49833 1.2889
1.55184 1.32236
1.60535 1.35449
1.65886 1.38519
1.71237 1.41435
1.76589 1.44187
1.8194 1.46766
1.87291 1.49175
1.92642 1.5142
1.97993 1.53511
2.03344 1.55456
2.08696 1.57263
2.14047 1.58939
2.19398 1.60494
2.24749 1.61935
2.301 1.6327
2.35452 1.64508
2.40803 1.65656
2.46154 1.66724
2.51505 1.67718
2.56856 1.68647
2.62207 1.69519
2.67559 1.70343
2.7291 1.71126
2.78261 1.71877
2.83612 1.72604
2.88963 1.73314
2.94314 1.74017
2.99666 1.7472
3.05017 1.75431
3.10368 1.76158
3.15719 1.7691
3.2107 1.77695
3.26421 1.78521
3.31773 1.79396
3.37124 1.80328
3.42475 1.81326
3.47826 1.82397
3.53177 1.83549
3.58528 1.84791
3.6388 1.86123
3.69231 1.8754
3.74582 1.89036
3.79933 1.90606
3.85284 1.92244
3.90635 1.93945
3.95987 1.95703
4.01338 1.97513
4.06689 1.9937
4.1204 2.01267
4.17391 2.032
4.22742 2.05162
4.28094 2.07149
4.33445 2.09154
4.38796 2.11173
4.44147 2.13199
4.49498 2.15228
4.54849 2.17254
4.60201 2.19271
4.65552 2.21273
4.70903 2.23256
4.76254 2.25214
4.81605 2.27141
4.86957 2.29032
4.92308 2.30882
4.97659 2.32684
5.0301 2.34433
5.08361 2.36124
5.13712 2.37752
5.19064 2.3931
5.24415 2.40793
5.29766 2.42197
5.35117 2.43514
5.40468 2.44744
5.45819 2.4589
5.51171 2.46954
5.56522 2.47941
5.61873 2.48854
5.67224 2.49697
5.72575 2.50473
5.77926 2.51186
5.83278 2.5184
5.88629 2.52437
5.9398 2.52983
5.99331 2.53479
6.04682 2.53931
6.10033 2.54341
6.15385 2.54713
6.20736 2.5505
6.26087 2.55357
6.31438 2.55636
6.36789 2.55892
6.4214 2.56128
6.47492 2.56347
6.52843 2.56553
6.58194 2.56751
6.63545 2.56942
6.68896 2.57131
6.74247 2.57322
6.79599 2.57518
6.8495 2.57722
6.90301 2.57939
6.95652 2.58171
7.01003 2.58423
7.06355 2.58698
7.11706 2.58999
7.17057 2.59329
7.22408 2.59689
7.27759 2.60077
7.3311 2.60494
7.38462 2.60937
7.43813 2.61408
7.49164 2.61905
7.54515 2.62429
7.59866 2.62977
7.65217 2.63551
7.70569 2.64148
7.7592 2.6477
7.81271 2.65414
7.86622 2.66082
7.91973 2.66771
7.97324 2.67482
8.02676 2.68215
8.08027 2.68967
8.13378 2.6974
8.18729 2.70532
8.2408 2.71343
8.29431 2.72173
8.34783 2.7302
8.40134 2.73885
8.45485 2.74766
8.50836 2.75664
8.56187 2.76577
8.61538 2.77506
8.6689 2.78449
8.72241 2.79406
8.77592 2.80377
8.82943 2.81361
8.88294 2.82357
8.93645 2.83365
8.98997 2.84385
9.04348 2.85415
9.09699 2.86457
9.1505 2.87509
9.20401 2.8857
9.25753 2.89642
9.31104 2.90722
9.36455 2.91811
9.41806 2.92908
9.47157 2.94014
9.52508 2.95126
9.5786 2.96246
9.63211 2.97373
9.68562 2.98506
9.73913 2.99644
9.79264 3.00788
9.84615 3.01938
9.89967 3.03092
9.95318 3.0425
10.0067 3.05412
10.0602 3.06578
10.1137 3.07747
10.1672 3.08918
10.2207 3.10092
10.2742 3.11268
10.3278 3.12445
10.3813 3.13623
10.4348 3.14802
10.4883 3.15981
10.5418 3.1716
10.5953 3.18339
10.6488 3.19517
10.7023 3.20693
10.7559 3.21866
10.8094 3.23035
10.8629 3.24196
10.9164 3.25349
10.9699 3.2649
11.0234 3.27618
11.0769 3.28731
11.1304 3.29826
11.1839 3.30902
11.2375 3.31956
11.291 3.32987
11.3445 3.33992
11.398 3.34969
11.4515 3.35917
11.505 3.36832
11.5585 3.37714
11.612 3.38559
11.6656 3.39366
11.7191 3.40133
11.7726 3.40858
11.8261 3.41538
11.8796 3.42172
11.9331 3.42757
11.9866 3.43292
12.0401 3.43774
12.0936 3.44201
12.1472 3.44571
12.2007 3.44882
12.2542 3.45132
12.3077 3.4532
12.3612 3.45441
12.4147 3.45496
12.4682 3.45482
12.5217 3.45401
12.5753 3.45262
12.6288 3.45073
12.6823 3.44843
12.7358 3.4458
12.7893 3.44294
12.8428 3.43992
12.8963 3.43682
12.9498 3.43374
13.0033 3.43076
13.0569 3.42797
13.1104 3.42544
13.1639 3.42327
13.2174 3.42155
13.2709 3.42034
13.3244 3.41975
13.3779 3.41985
13.4314 3.42073
13.4849 3.42248
13.5385 3.42518
13.592 3.42892
13.6455 3.43378
13.699 3.43985
13.7525 3.44721
13.806 3.45594
13.8595 3.46614
13.913 3.47789
13.9666 3.49126
14.0201 3.50636
14.0736 3.52326
14.1271 3.54205
14.1806 3.56281
14.2341 3.58563
14.2876 3.61049
14.3411 3.63716
14.3946 3.66539
14.4482 3.69491
14.5017 3.72546
14.5552 3.7568
14.6087 3.78867
14.6622 3.8208
14.7157 3.85294
14.7692 3.88483
14.8227 3.91621
14.8763 3.94684
14.9298 3.97644
14.9833 4.00477
15.0368 4.03156
15.0903 4.05656
15.1438 4.07951
15.1973 4.10015
15.2508 4.11823
15.3043 4.13349
15.3579 4.14567
15.4114 4.15451
15.4649 4.15976
15.5184 4.16116
15.5719 4.15846
15.6254 4.15138
15.6789 4.13969
15.7324 4.12311
15.786 4.1014
15.8395 4.0743
15.893 4.04154
15.9465 4.00287
16 3.95804
