-5 -1.39976
-4.94975 -1.39582
-4.8995 -1.39172
-4.84925 -1.38746
-4.79899 -1.38307
-4.74874 -1.37855
-4.69849 -1.37392
-4.64824 -1.36918
-4.59799 -1.36436
-4.54774 -1.35947
-4.49749 -1.35451
-4.44724 -1.3495
-4.39698 -1.34446
-4.34673 -1.33939
-4.29648 -1.33431
-4.24623 -1.32924
-4.19598 -1.32418
-4.14573 -1.31914
-4.09548 -1.31415
-4.04523 -1.30921
-3.99497 -1.30434
-3.94472 -1.29954
-3.89447 -1.29483
-3.84422 -1.29023
-3.79397 -1.28575
-3.74372 -1.2814
-3.69347 -1.27719
-3.64322 -1.27313
-3.59296 -1.26924
-3.54271 -1.26554
-3.49246 -1.26203
-3.44221 -1.25872
-3.39196 -1.25563
-3.34171 -1.25278
-3.29146 -1.25016
-3.24121 -1.24777
-3.19095 -1.24555
-3.1407 -1.24347
-3.09045 -1.24151
-3.0402 -1.23961
-2.98995 -1.23775
-2.9397 -1.23588
-2.88945 -1.23398
-2.8392 -1.23199
-2.78894 -1.2299
-2.73869 -1.22766
-2.68844 -1.22523
-2.63819 -1.22258
-2.58794 -1.21968
-2.53769 -1.21648
-2.48744 -1.21294
-2.43719 -1.20904
-2.38693 -1.20473
-2.33668 -1.19999
-2.28643 -1.19476
-2.23618 -1.18902
-2.18593 -1.18273
-2.13568 -1.17586
-2.08543 -1.16836
-2.03518 -1.16019
-1.98492 -1.15134
-1.93467 -1.14175
-1.88442 -1.13138
-1.83417 -1.12022
-1.78392 -1.10821
-1.73367 -1.09532
-1.68342 -1.08151
-1.63317 -1.06675
-1.58291 -1.051
-1.53266 -1.03423
-1.48241 -1.01639
-1.43216 -0.99746
-1.38191 -0.97739
-1.33166 -0.956149
-1.28141 -0.933699
-1.23116 -0.910004
-1.1809 -0.885027
-1.13065 -0.858733
-1.0804 -0.831088
-1.03015 -0.802112
-0.979899 -0.771867
-0.929648 -0.740411
-0.879397 -0.707808
-0.829146 -0.674117
-0.778894 -0.6394
-0.728643 -0.603718
-0.678392 -0.567132
-0.628141 -0.529704
-0.577889 -0.491493
-0.527638 -0.452561
-0.477387 -0.412969
-0.427136 -0.372779
-0.376884 -0.33205
-0.326633 -0.290846
-0.276382 -0.249225
-0.226131 -0.20725
-0.175879 -0.164981
-0.125628 -0.12248
-0.0753769 -0.0798074
-0.0251256 -0.0370244
0.0251256 0.00580792
0.0753769 0.0486285
0.125628 0.0913764
0.175879 0.13399
0.226131 0.17641
0.276382 0.218573
0.326633 0.260419
0.376884 0.301887
0.427136 0.342916
0.477387 0.383445
0.527638 0.423413
0.577889 0.462759
0.628141 0.501421
0.678392 0.539339
0.728643 0.576452
0.778894 0.612698
0.829146 0.648017
0.879397 0.682347
0.929648 0.715628
0.979899 0.747797
1.03015 0.778796
1.0804 0.808561
1.13065 0.837034
1.1809 0.864192
1.23116 0.890067
1.28141 0.914691
1.33166 0.938099
1.38191 0.960324
1.43216 0.981401
1.48241 1.00136
1.53266 1.02025
1.58291 1.03808
1.63317 1.0549
1.68342 1.07074
1.73367 1.08564
1.78392 1.09963
1.83417 1.11274
1.88442 1.125
1.93467 1.13646
1.98492 1.14714
2.03518 1.15708
2.08543 1.16631
2.13568 1.17486
2.18593 1.18278
2.23618 1.19009
2.28643 1.19682
2.33668 1.20302
2.38693 1.20872
2.43719 1.21394
2.48744 1.21872
2.53769 1.22311
2.58794 1.22712
2.63819 1.2308
2.68844 1.23418
2.73869 1.23729
2.78894 1.24016
2.8392 1.24284
2.88945 1.24535
2.9397 1.24773
2.98995 1.25001
3.0402 1.25222
3.09045 1.25441
3.1407 1.2566
3.19095 1.25882
3.24121 1.26112
3.29146 1.26353
3.34171 1.26607
3.39196 1.26877
3.44221 1.27163
3.49246 1.27464
3.54271 1.27779
3.59296 1.28107
3.64322 1.28446
3.69347 1.28797
3.74372 1.29159
3.79397 1.29529
3.84422 1.29908
3.89447 1.30295
3.94472 1.30689
3.99497 1.31088
4.04523 1.31492
4.09548 1.319
4.14573 1.32311
4.19598 1.32724
4.24623 1.33138
4.29648 1.33553
4.34673 1.33967
4.39698 1.3438
4.44724 1.34791
4.49749 1.35198
4.54774 1.35601
4.59799 1.35999
4.64824 1.36391
4.69849 1.36776
4.74874 1.37154
4.79899 1.37523
4.84925 1.37882
4.8995 1.38231
4.94975 1.38568
5 1.38894
